-720.000000, 1.570796
-718.000000, 1.570408
-716.000000, 1.569244
-714.000000, 1.567302
-712.000000, 1.564578
-710.000000, 1.561070
-708.000000, 1.556771
-706.000000, 1.551675
-704.000000, 1.545775
-702.000000, 1.539060
-700.000000, 1.531520
-698.000000, 1.523144
-696.000000, 1.513916
-694.000000, 1.503822
-692.000000, 1.492843
-690.000000, 1.480961
-688.000000, 1.468153
-686.000000, 1.454395
-684.000000, 1.439659
-682.000000, 1.423915
-680.000000, 1.407129
-678.000000, 1.389264
-676.000000, 1.370278
-674.000000, 1.350123
-672.000000, 1.328745
-670.000000, 1.306085
-668.000000, 1.282075
-666.000000, 1.256637
-664.000000, 1.229683
-662.000000, 1.201111
-660.000000, 1.170802
-658.000000, 1.138618
-656.000000, 1.104395
-654.000000, 1.067936
-652.000000, 1.029005
-650.000000, 0.987307
-648.000000, 0.942478
-646.000000, 0.894045
-644.000000, 0.841387
-642.000000, 0.783652
-640.000000, 0.719617
-638.000000, 0.647420
-636.000000, 0.563933
-634.000000, 0.463089
-632.000000, 0.329310
-630.000000, -0.001012
-628.000000, -0.329309
-626.000000, -0.463088
-624.000000, -0.563932
-622.000000, -0.647422
-620.000000, -0.719618
-618.000000, -0.783651
-616.000000, -0.841386
-614.000000, -0.894044
-612.000000, -0.942478
-610.000000, -0.987308
-608.000000, -1.029004
-606.000000, -1.067936
-604.000000, -1.104395
-602.000000, -1.138619
-600.000000, -1.170803
-598.000000, -1.201111
-596.000000, -1.229683
-594.000000, -1.256637
-592.000000, -1.282075
-590.000000, -1.306085
-588.000000, -1.328745
-586.000000, -1.350122
-584.000000, -1.370278
-582.000000, -1.389265
-580.000000, -1.407130
-578.000000, -1.423915
-576.000000, -1.439659
-574.000000, -1.454395
-572.000000, -1.468153
-570.000000, -1.480961
-568.000000, -1.492843
-566.000000, -1.503822
-564.000000, -1.513916
-562.000000, -1.523144
-560.000000, -1.531520
-558.000000, -1.539060
-556.000000, -1.545774
-554.000000, -1.551675
-552.000000, -1.556771
-550.000000, -1.561070
-548.000000, -1.564578
-546.000000, -1.567302
-544.000000, -1.569244
-542.000000, -1.570408
-540.000000, -1.570796
-538.000000, -1.570408
-536.000000, -1.569244
-534.000000, -1.567302
-532.000000, -1.564578
-530.000000, -1.561070
-528.000000, -1.556771
-526.000000, -1.551675
-524.000000, -1.545774
-522.000000, -1.539060
-520.000000, -1.531520
-518.000000, -1.523144
-516.000000, -1.513916
-514.000000, -1.503822
-512.000000, -1.492843
-510.000000, -1.480961
-508.000000, -1.468153
-506.000000, -1.454394
-504.000000, -1.439659
-502.000000, -1.423915
-500.000000, -1.407129
-498.000000, -1.389265
-496.000000, -1.370278
-494.000000, -1.350122
-492.000000, -1.328745
-490.000000, -1.306085
-488.000000, -1.282075
-486.000000, -1.256637
-484.000000, -1.229683
-482.000000, -1.201111
-480.000000, -1.170803
-478.000000, -1.138619
-476.000000, -1.104395
-474.000000, -1.067936
-472.000000, -1.029005
-470.000000, -0.987308
-468.000000, -0.942478
-466.000000, -0.894044
-464.000000, -0.841386
-462.000000, -0.783651
-460.000000, -0.719618
-458.000000, -0.647421
-456.000000, -0.563934
-454.000000, -0.463088
-452.000000, -0.329309
-450.000000, 0.000974
-448.000000, 0.329308
-446.000000, 0.463089
-444.000000, 0.563934
-442.000000, 0.647421
-440.000000, 0.719618
-438.000000, 0.783651
-436.000000, 0.841387
-434.000000, 0.894045
-432.000000, 0.942478
-430.000000, 0.987308
-428.000000, 1.029004
-426.000000, 1.067937
-424.000000, 1.104395
-422.000000, 1.138619
-420.000000, 1.170803
-418.000000, 1.201111
-416.000000, 1.229684
-414.000000, 1.256637
-412.000000, 1.282075
-410.000000, 1.306085
-408.000000, 1.328745
-406.000000, 1.350123
-404.000000, 1.370278
-402.000000, 1.389265
-400.000000, 1.407130
-398.000000, 1.423915
-396.000000, 1.439659
-394.000000, 1.454394
-392.000000, 1.468153
-390.000000, 1.480961
-388.000000, 1.492843
-386.000000, 1.503822
-384.000000, 1.513916
-382.000000, 1.523144
-380.000000, 1.531520
-378.000000, 1.539060
-376.000000, 1.545775
-374.000000, 1.551675
-372.000000, 1.556771
-370.000000, 1.561070
-368.000000, 1.564578
-366.000000, 1.567302
-364.000000, 1.569244
-362.000000, 1.570408
-360.000000, 1.570796
-358.000000, 1.570408
-356.000000, 1.569244
-354.000000, 1.567302
-352.000000, 1.564578
-350.000000, 1.561070
-348.000000, 1.556771
-346.000000, 1.551675
-344.000000, 1.545774
-342.000000, 1.539060
-340.000000, 1.531520
-338.000000, 1.523144
-336.000000, 1.513916
-334.000000, 1.503822
-332.000000, 1.492843
-330.000000, 1.480961
-328.000000, 1.468153
-326.000000, 1.454395
-324.000000, 1.439659
-322.000000, 1.423915
-320.000000, 1.407129
-318.000000, 1.389265
-316.000000, 1.370278
-314.000000, 1.350123
-312.000000, 1.328745
-310.000000, 1.306085
-308.000000, 1.282075
-306.000000, 1.256637
-304.000000, 1.229683
-302.000000, 1.201111
-300.000000, 1.170802
-298.000000, 1.138619
-296.000000, 1.104395
-294.000000, 1.067936
-292.000000, 1.029005
-290.000000, 0.987307
-288.000000, 0.942478
-286.000000, 0.894045
-284.000000, 0.841387
-282.000000, 0.783651
-280.000000, 0.719618
-278.000000, 0.647421
-276.000000, 0.563933
-274.000000, 0.463089
-272.000000, 0.329308
-270.000000, 0.000689
-268.000000, -0.329307
-266.000000, -0.463088
-264.000000, -0.563932
-262.000000, -0.647421
-260.000000, -0.719617
-258.000000, -0.783651
-256.000000, -0.841386
-254.000000, -0.894044
-252.000000, -0.942478
-250.000000, -0.987307
-248.000000, -1.029004
-246.000000, -1.067936
-244.000000, -1.104395
-242.000000, -1.138618
-240.000000, -1.170802
-238.000000, -1.201111
-236.000000, -1.229683
-234.000000, -1.256637
-232.000000, -1.282075
-230.000000, -1.306085
-228.000000, -1.328745
-226.000000, -1.350122
-224.000000, -1.370278
-222.000000, -1.389265
-220.000000, -1.407130
-218.000000, -1.423915
-216.000000, -1.439659
-214.000000, -1.454394
-212.000000, -1.468153
-210.000000, -1.480961
-208.000000, -1.492843
-206.000000, -1.503822
-204.000000, -1.513916
-202.000000, -1.523144
-200.000000, -1.531520
-198.000000, -1.539060
-196.000000, -1.545775
-194.000000, -1.551675
-192.000000, -1.556771
-190.000000, -1.561070
-188.000000, -1.564578
-186.000000, -1.567302
-184.000000, -1.569244
-182.000000, -1.570408
-180.000000, -1.570796
-178.000000, -1.570408
-176.000000, -1.569244
-174.000000, -1.567302
-172.000000, -1.564578
-170.000000, -1.561070
-168.000000, -1.556771
-166.000000, -1.551675
-164.000000, -1.545775
-162.000000, -1.539060
-160.000000, -1.531520
-158.000000, -1.523144
-156.000000, -1.513916
-154.000000, -1.503822
-152.000000, -1.492843
-150.000000, -1.480961
-148.000000, -1.468153
-146.000000, -1.454395
-144.000000, -1.439659
-142.000000, -1.423915
-140.000000, -1.407129
-138.000000, -1.389264
-136.000000, -1.370278
-134.000000, -1.350123
-132.000000, -1.328745
-130.000000, -1.306085
-128.000000, -1.282075
-126.000000, -1.256637
-124.000000, -1.229683
-122.000000, -1.201111
-120.000000, -1.170803
-118.000000, -1.138618
-116.000000, -1.104395
-114.000000, -1.067936
-112.000000, -1.029005
-110.000000, -0.987307
-108.000000, -0.942478
-106.000000, -0.894045
-104.000000, -0.841386
-102.000000, -0.783651
-100.000000, -0.719617
-98.000000, -0.647421
-96.000000, -0.563934
-94.000000, -0.463088
-92.000000, -0.329309
-90.000000, 1.#QNAN0
-88.000000, 0.329308
-86.000000, 0.463088
-84.000000, 0.563933
-82.000000, 0.647421
-80.000000, 0.719618
-78.000000, 0.783651
-76.000000, 0.841386
-74.000000, 0.894045
-72.000000, 0.942478
-70.000000, 0.987307
-68.000000, 1.029004
-66.000000, 1.067936
-64.000000, 1.104395
-62.000000, 1.138618
-60.000000, 1.170802
-58.000000, 1.201111
-56.000000, 1.229683
-54.000000, 1.256637
-52.000000, 1.282075
-50.000000, 1.306085
-48.000000, 1.328745
-46.000000, 1.350122
-44.000000, 1.370278
-42.000000, 1.389265
-40.000000, 1.407129
-38.000000, 1.423915
-36.000000, 1.439659
-34.000000, 1.454394
-32.000000, 1.468153
-30.000000, 1.480961
-28.000000, 1.492843
-26.000000, 1.503822
-24.000000, 1.513916
-22.000000, 1.523144
-20.000000, 1.531520
-18.000000, 1.539060
-16.000000, 1.545775
-14.000000, 1.551675
-12.000000, 1.556771
-10.000000, 1.561070
-8.000000, 1.564578
-6.000000, 1.567302
-4.000000, 1.569244
-2.000000, 1.570408
0.000000, 1.570796
2.000000, 1.570408
4.000000, 1.569244
6.000000, 1.567302
8.000000, 1.564578
10.000000, 1.561070
12.000000, 1.556771
14.000000, 1.551675
16.000000, 1.545775
18.000000, 1.539060
20.000000, 1.531520
22.000000, 1.523144
24.000000, 1.513916
26.000000, 1.503822
28.000000, 1.492843
30.000000, 1.480961
32.000000, 1.468153
34.000000, 1.454395
36.000000, 1.439659
38.000000, 1.423915
40.000000, 1.407129
42.000000, 1.389264
44.000000, 1.370278
46.000000, 1.350123
48.000000, 1.328745
50.000000, 1.306085
52.000000, 1.282075
54.000000, 1.256637
56.000000, 1.229683
58.000000, 1.201111
60.000000, 1.170802
62.000000, 1.138618
64.000000, 1.104395
66.000000, 1.067936
68.000000, 1.029005
70.000000, 0.987307
72.000000, 0.942478
74.000000, 0.894045
76.000000, 0.841386
78.000000, 0.783651
80.000000, 0.719618
82.000000, 0.647421
84.000000, 0.563933
86.000000, 0.463088
88.000000, 0.329308
90.000000, -0.000524
92.000000, -0.329308
94.000000, -0.463088
96.000000, -0.563933
98.000000, -0.647421
100.000000, -0.719618
102.000000, -0.783651
104.000000, -0.841386
106.000000, -0.894045
108.000000, -0.942478
110.000000, -0.987307
112.000000, -1.029004
114.000000, -1.067936
116.000000, -1.104395
118.000000, -1.138618
120.000000, -1.170802
122.000000, -1.201111
124.000000, -1.229683
126.000000, -1.256637
128.000000, -1.282075
130.000000, -1.306085
132.000000, -1.328745
134.000000, -1.350122
136.000000, -1.370278
138.000000, -1.389265
140.000000, -1.407130
142.000000, -1.423915
144.000000, -1.439659
146.000000, -1.454394
148.000000, -1.468153
150.000000, -1.480961
152.000000, -1.492843
154.000000, -1.503822
156.000000, -1.513916
158.000000, -1.523144
160.000000, -1.531520
162.000000, -1.539060
164.000000, -1.545775
166.000000, -1.551675
168.000000, -1.556771
170.000000, -1.561070
172.000000, -1.564578
174.000000, -1.567302
176.000000, -1.569244
178.000000, -1.570408
180.000000, -1.570796
182.000000, -1.570408
184.000000, -1.569244
186.000000, -1.567302
188.000000, -1.564578
190.000000, -1.561070
192.000000, -1.556771
194.000000, -1.551675
196.000000, -1.545775
198.000000, -1.539060
200.000000, -1.531520
202.000000, -1.523144
204.000000, -1.513916
206.000000, -1.503822
208.000000, -1.492843
210.000000, -1.480961
212.000000, -1.468153
214.000000, -1.454395
216.000000, -1.439659
218.000000, -1.423915
220.000000, -1.407129
222.000000, -1.389264
224.000000, -1.370278
226.000000, -1.350122
228.000000, -1.328745
230.000000, -1.306085
232.000000, -1.282075
234.000000, -1.256637
236.000000, -1.229683
238.000000, -1.201111
240.000000, -1.170802
242.000000, -1.138618
244.000000, -1.104395
246.000000, -1.067936
248.000000, -1.029005
250.000000, -0.987307
252.000000, -0.942478
254.000000, -0.894044
256.000000, -0.841386
258.000000, -0.783651
260.000000, -0.719617
262.000000, -0.647421
264.000000, -0.563932
266.000000, -0.463088
268.000000, -0.329306
270.000000, 0.000193
272.000000, 0.329307
274.000000, 0.463089
276.000000, 0.563933
278.000000, 0.647421
280.000000, 0.719618
282.000000, 0.783650
284.000000, 0.841386
286.000000, 0.894045
288.000000, 0.942478
290.000000, 0.987307
292.000000, 1.029005
294.000000, 1.067936
296.000000, 1.104395
298.000000, 1.138618
300.000000, 1.170802
302.000000, 1.201111
304.000000, 1.229683
306.000000, 1.256637
308.000000, 1.282075
310.000000, 1.306085
312.000000, 1.328745
314.000000, 1.350122
316.000000, 1.370278
318.000000, 1.389265
320.000000, 1.407129
322.000000, 1.423915
324.000000, 1.439659
326.000000, 1.454395
328.000000, 1.468153
330.000000, 1.480961
332.000000, 1.492843
334.000000, 1.503822
336.000000, 1.513916
338.000000, 1.523144
340.000000, 1.531520
342.000000, 1.539060
344.000000, 1.545775
346.000000, 1.551675
348.000000, 1.556771
350.000000, 1.561070
352.000000, 1.564578
354.000000, 1.567302
356.000000, 1.569244
358.000000, 1.570408
360.000000, 1.570796
362.000000, 1.570408
364.000000, 1.569244
366.000000, 1.567302
368.000000, 1.564578
370.000000, 1.561070
372.000000, 1.556771
374.000000, 1.551675
376.000000, 1.545775
378.000000, 1.539060
380.000000, 1.531520
382.000000, 1.523144
384.000000, 1.513916
386.000000, 1.503822
388.000000, 1.492843
390.000000, 1.480961
392.000000, 1.468153
394.000000, 1.454394
396.000000, 1.439659
398.000000, 1.423915
400.000000, 1.407129
402.000000, 1.389265
404.000000, 1.370278
406.000000, 1.350123
408.000000, 1.328745
410.000000, 1.306085
412.000000, 1.282075
414.000000, 1.256637
416.000000, 1.229683
418.000000, 1.201111
420.000000, 1.170802
422.000000, 1.138619
424.000000, 1.104395
426.000000, 1.067936
428.000000, 1.029004
430.000000, 0.987307
432.000000, 0.942478
434.000000, 0.894045
436.000000, 0.841387
438.000000, 0.783651
440.000000, 0.719618
442.000000, 0.647420
444.000000, 0.563933
446.000000, 0.463089
448.000000, 0.329308
450.000000, 0.000689
452.000000, -0.329309
454.000000, -0.463088
456.000000, -0.563934
458.000000, -0.647421
460.000000, -0.719618
462.000000, -0.783651
464.000000, -0.841386
466.000000, -0.894044
468.000000, -0.942478
470.000000, -0.987308
472.000000, -1.029004
474.000000, -1.067936
476.000000, -1.104395
478.000000, -1.138619
480.000000, -1.170803
482.000000, -1.201111
484.000000, -1.229683
486.000000, -1.256637
488.000000, -1.282075
490.000000, -1.306085
492.000000, -1.328745
494.000000, -1.350122
496.000000, -1.370278
498.000000, -1.389265
500.000000, -1.407130
502.000000, -1.423915
504.000000, -1.439659
506.000000, -1.454394
508.000000, -1.468153
510.000000, -1.480961
512.000000, -1.492843
514.000000, -1.503822
516.000000, -1.513916
518.000000, -1.523144
520.000000, -1.531520
522.000000, -1.539060
524.000000, -1.545774
526.000000, -1.551675
528.000000, -1.556771
530.000000, -1.561070
532.000000, -1.564578
534.000000, -1.567302
536.000000, -1.569244
538.000000, -1.570408
540.000000, -1.570796
542.000000, -1.570408
544.000000, -1.569244
546.000000, -1.567302
548.000000, -1.564578
550.000000, -1.561070
552.000000, -1.556771
554.000000, -1.551675
556.000000, -1.545774
558.000000, -1.539060
560.000000, -1.531520
562.000000, -1.523144
564.000000, -1.513916
566.000000, -1.503822
568.000000, -1.492843
570.000000, -1.480961
572.000000, -1.468153
574.000000, -1.454395
576.000000, -1.439659
578.000000, -1.423915
580.000000, -1.407129
582.000000, -1.389265
584.000000, -1.370278
586.000000, -1.350122
588.000000, -1.328745
590.000000, -1.306085
592.000000, -1.282075
594.000000, -1.256637
596.000000, -1.229683
598.000000, -1.201111
600.000000, -1.170803
602.000000, -1.138619
604.000000, -1.104395
606.000000, -1.067936
608.000000, -1.029005
610.000000, -0.987308
612.000000, -0.942478
614.000000, -0.894044
616.000000, -0.841386
618.000000, -0.783651
620.000000, -0.719618
622.000000, -0.647422
624.000000, -0.563932
626.000000, -0.463088
628.000000, -0.329309
630.000000, -0.000974
632.000000, 0.329310
634.000000, 0.463089
636.000000, 0.563933
638.000000, 0.647420
640.000000, 0.719617
642.000000, 0.783652
644.000000, 0.841387
646.000000, 0.894045
648.000000, 0.942478
650.000000, 0.987307
652.000000, 1.029005
654.000000, 1.067936
656.000000, 1.104395
658.000000, 1.138618
660.000000, 1.170802
662.000000, 1.201111
664.000000, 1.229683
666.000000, 1.256637
668.000000, 1.282074
670.000000, 1.306085
672.000000, 1.328745
674.000000, 1.350122
676.000000, 1.370278
678.000000, 1.389264
680.000000, 1.407129
682.000000, 1.423915
684.000000, 1.439659
686.000000, 1.454394
688.000000, 1.468153
690.000000, 1.480961
692.000000, 1.492843
694.000000, 1.503822
696.000000, 1.513916
698.000000, 1.523144
700.000000, 1.531520
702.000000, 1.539060
704.000000, 1.545775
706.000000, 1.551675
708.000000, 1.556771
710.000000, 1.561070
712.000000, 1.564578
714.000000, 1.567302
716.000000, 1.569244
718.000000, 1.570408
720.000000, 1.570796
