1.780747,-0.000004
0.000000,0.000000
-0.294953,0.000000
0.000000,0.000000
0.132740,0.000015
0.000000,0.000000
-0.079034,0.000000
0.000000,0.000000
0.053796,-0.000071
0.000000,0.000000
-0.039619,0.000000
0.000000,0.000000
0.030733,0.000245
0.000000,0.000000
-0.024735,0.000000
0.000000,0.000000
0.020463,0.000049
0.000000,0.000000
-0.017293,0.000000
0.000000,0.000000
0.014864,0.000551
0.000000,0.000000
-0.012955,0.000000
0.000000,0.000000
0.011423,0.000574
0.000000,0.000000
-0.010170,0.000000
0.000000,0.000000
0.009130,-0.000402
0.000000,0.000000
-0.008257,0.000000
0.000000,0.000000
0.007514,-0.001049
0.000000,0.000000
-0.006877,0.000000
0.000000,0.000000
0.006324,0.000171
0.000000,0.000000
-0.005842,0.000000
0.000000,0.000000
0.005418,-0.000887
0.000000,0.000000
-0.005043,0.000000
0.000000,0.000000
0.004710,-0.000864
0.000000,0.000000
-0.004411,0.000000
0.000000,0.000000
0.004143,-0.001727
